16
2007
-618 1763
4315 -2070 -4211
162 2909 1624 -4150
4998 -2915 -3561 2601 -4027
2598 -2152 4294 -2100 4435 -494
-3648 -4903 -478 3203 1136 110 4967
1799 3536 2973 3602 9 -71 4335 -2495
2652 -1786 2838 2388 2265 255 -2399 858 -257
156 -2456 923 -2291 -3088 4314 -2401 -2041 2415 -454
930 -3792 -3839 3679 3995 4088 -4921 1526 783 -306 -4804
951 669 -1810 -1418 -2455 -286 -4546 -1156 3427 628 -252 -2614
-2054 4198 -4746 3403 -1574 -2258 3714 -867 -1599 -4529 -675 -2397 851
-439 1648 -2810 -1726 -4092 4898 -1564 4719 3603 -705 1668 2147 3387 1795
-3938 -2453 1495 2487 -2545 -3 -2888 2981 590 1941 3793 2729 3951 -533 -376
430 671 -877 110 3209 -643 -3978 -4266 3667 -1653 1284 -2594 3020 741 -1554 -2472