46
193
227 -329
103 141 -476
372 481 56 409
-134 226 -26 219 -225
-333 314 369 229 -15 441
-411 -374 227 164 340 182 -88
260 212 -264 -239 -350 -363 -1 103
-439 -172 -276 -282 497 468 -22 -406 461
-477 228 -192 -494 307 -106 454 -212 393 42
-271 154 -349 243 293 -485 -66 -263 122 26 55
-419 363 -20 340 -81 -189 -496 -290 -455 -120 222 422
105 395 381 82 -302 -66 -132 -489 109 -41 -431 -409 321
-252 155 136 -282 -280 164 205 4 67 273 1 -353 -413 -93
-240 -201 215 -448 355 39 -278 442 15 -274 -220 -450 490 3 -435
-194 174 -249 -182 260 -166 307 -352 215 -383 -333 165 -253 79 106 -292
-397 329 463 476 7 -99 -248 65 296 219 -408 -178 145 128 94 -497 -481
341 179 27 -412 -116 312 -355 387 338 -495 467 487 1 75 328 268 -395 167
-328 -99 385 496 47 -262 -495 18 195 -464 -284 167 160 -313 394 -467 -356 -202 191
-322 -418 -210 248 -348 -30 160 207 -177 283 -278 -352 -213 -430 -276 -276 242 76 96 -215
-474 75 -383 459 197 -187 -7 -373 -418 -302 -218 -75 160 -40 251 -378 486 -305 -49 482 -347
392 -104 383 -270 18 136 306 -193 -446 121 48 -55 452 -346 139 325 8 210 248 -67 297 390
-170 139 185 -94 -407 163 217 259 428 366 90 -347 -95 0 449 -77 108 224 -109 -290 337 275 150
93 -444 -13 330 62 -172 -332 -282 286 -349 -409 -267 -159 236 -395 -146 233 33 377 356 34 146 262 -204
-230 -499 445 142 -63 425 72 -325 -484 72 82 13 448 -338 -175 -467 246 53 -100 186 -280 -89 -424 -282 466
-100 -4 -327 34 -66 118 -236 266 -412 -437 -124 -334 -316 -363 -415 208 -32 403 -32 56 -219 255 -464 -92 -418 496
-467 384 -201 -75 423 126 417 -169 -105 -345 -299 -330 -260 -86 -240 39 295 -203 -301 112 72 41 -267 328 -100 435 -53
-264 246 348 378 186 -366 -211 -155 -340 -267 262 -131 -295 212 41 350 51 -461 -74 -272 415 421 -341 389 -91 293 -115 214
427 -125 -455 -133 -121 405 483 265 -357 342 33 -138 -284 -116 143 -189 349 160 396 -489 -452 44 97 -107 218 360 -365 255 73
-156 -139 -101 -287 206 -48 10 245 -103 178 -231 325 -248 -294 -248 -350 67 -361 -332 -30 -237 140 496 -208 33 118 62 399 -403 157
361 132 407 133 7 19 -139 -498 347 -430 -115 33 -417 -83 238 -23 172 208 -155 -135 -115 250 103 -248 -358 -233 169 391 -352 -475 -16
257 -171 -316 245 448 373 -84 350 225 342 23 -184 97 113 -222 171 396 -490 268 -202 348 350 87 419 428 -85 359 -128 81 133 -311 213
-445 362 -407 0 -323 279 -362 -266 -301 -129 -436 -20 42 -166 49 -274 -410 316 485 -104 -242 -495 299 7 -384 401 37 339 344 390 100 -418 -269
-43 449 -160 226 315 -250 -162 -174 -244 470 325 307 305 -262 -426 244 -312 -444 -448 335 -415 193 -442 -419 -371 459 -397 8 342 -222 49 -122 -50 263
-222 430 -405 146 -246 -212 -271 -395 -99 -155 258 435 415 -55 490 247 -82 -114 -426 -206 484 -334 370 -400 -14 496 -9 -437 384 25 -371 -338 -191 28 215
-498 -101 323 357 32 -51 378 -197 320 241 253 -130 -418 183 -285 422 95 431 25 -411 -214 19 485 -394 83 381 491 41 -5 44 -434 -139 161 -158 309 369
190 -183 214 289 297 486 333 85 -463 456 -258 445 77 -3 134 329 403 -207 389 461 -447 313 -229 -182 471 7 -106 -110 -161 443 -65 -295 316 91 -236 464 97
-241 -277 -270 224 305 305 477 135 -49 404 -242 278 282 18 -146 -64 141 -342 37 431 391 -139 -369 -197 428 467 114 40 218 -271 -10 383 18 -309 225 358 -369 -59
427 -77 -231 369 -428 -257 53 -396 454 255 -39 236 -430 -294 -291 384 -102 -34 290 92 -107 452 -330 298 -32 256 -351 -431 272 -183 -205 163 -124 305 -360 385 -360 467 126
231 471 135 -317 -452 -267 -260 -349 206 9 55 332 478 141 -104 -20 170 296 -470 -230 -194 -109 273 -140 154 -261 -482 -121 -366 -115 -114 -300 -445 -101 371 179 148 -220 289 -406
-265 453 60 -241 -477 414 -97 -30 -428 96 -337 -278 -8 -206 -346 197 -151 412 28 198 -193 55 -419 -31 37 251 -125 429 369 51 -318 -41 333 -480 418 68 325 -397 -355 -109 -190
172 332 -356 44 -66 -412 286 -276 345 460 146 -471 -444 430 288 -354 246 -390 431 -129 -419 -348 245 71 -339 370 390 392 132 -349 288 257 -483 155 -161 101 495 393 -32 8 -250 287
493 -64 325 -268 -438 -119 -221 110 404 -340 67 -361 -233 -301 -41 -395 342 476 340 61 -225 79 346 455 -100 -265 231 167 56 349 74 321 -463 -320 -334 -47 484 -210 -210 211 289 87 407
-255 176 -259 175 -133 316 168 148 71 -479 -463 -135 37 -433 407 451 -101 -14 -11 -70 -130 272 207 -475 -40 -297 25 -287 486 85 278 7 -374 235 -147 -149 312 -166 -135 -85 -404 -48 -489 177
282 -46 3 410 2 443 368 94 -312 -326 453 64 60 -144 251 -298 461 377 -240 -202 -304 147 205 -270 199 -36 250 -492 -137 -471 -474 10 366 328 -324 -85 -375 -64 -499 -498 219 344 -23 246 450
-486 -55 50 -225 -440 230 131 14 260 -9 335 -327 451 -76 229 132 -435 -180 -173 -407 -8 -28 -239 -491 338 275 -417 91 -133 398 -290 299 331 -280 457 -372 438 -293 326 -60 283 1 -124 278 279 -408