1001 4528
6256 7310 4406 5652 9975 1772 4789 3686 6284 6681 394 5395 7923 1140 8699 3903 9268 1622 3883 8184 3434 5523 4362 2944 4431 8134 6492 807 901 8145 6850 3508 1806 1255 5512 1781 9378 300 5466 2014 6981 2211 7408 1255 3350 2459 5158 8969 4080 5392 3505 7513 915 7866 6809 1697 2352 3300 2503 3252 7796 9353 6759 5953 6959 8622 7733 2689 8922 9550 4702 5902 8112 8461 3508 1461 919 8665 6782 1350 4057 286 5215 1323 8151 2023 3019 6854 5322 1874 105 9469 7578 3216 5421 4536 1837 3154 3576 7110 9055 8277 9363 7167 6738 2871 4979 7656 7887 1760 9006 1943 2045 4220 9617 6548 2594 2636 3401 7915 4509 9858 3735 2086 9425 9155 2973 7613 8660 6549 4723 4067 4825 437 1233 7914 3307 6211 1922 1194 7971 927 9488 6367 1498 9105 2914 443 1740 2667 4709 2600 2524 8443 4685 8300 7597 4009 5912 2609 557 6986 6675 1734 7423 7907 9647 729 469 7920 8274 4791 8846 7762 1158 6695 3218 423 3489 1309 9441 8197 3908 8316 6639 4944 6615 588 8952 2527 3196 5861 5864 6222 3946 3286 480 9944 367 7300 7864 4992 2091 3061 2753 9600 6108 2322 6374 9596 3630 5815 7793 3889 4130 783 8832 745 1370 4136 9623 917 6348 5486 3490 293 5124 3969 6588 1842 1269 4451 6833 9711 3864 5938 9310 9971 8259 5683 5918 8241 7849 3710 2129 1979 4493 7313 9075 2214 1448 8697 9483 4147 534 2972 791 2009 3293 7378 3850 4561 8181 683 4271 2044 6620 9932 8366 4878 1966 4283 3118 9815 7993 1599 8145 8837 8911 7219 7402 6710 2267 6884 856 9152 6208 1646 1161 9500 5375 5010 412 3555 5692 4682 5598 2311 965 3963 3541 2930 4598 3010 9096 2590 4608 7240 7778 3518 810 1531 227 3076 4767 7434 8580 974 9079 9740 6825 806 4749 7236 4360 6793 8269 6310 5455 5585 6624 8995 8514 1221 8357 3962 162 2964 7553 4291 2834 8363 5822 9412 7790 588 6846 6369 7913 2276 2460 1089 9433 7209 4676 3793 353 2944 102 5807 8528 3077 4802 3393 4298 9510 3706 811 2473 1259 5102 1658 9621 923 1070 7410 7862 4267 131 2126 2894 2590 9566 2327 6150 4241 2471 6502 7184 8924 2309 2063 2000 3462 1807 2649 2971 5513 3460 1795 6771 8561 3453 2743 5835 874 6504 3696 1492 6634 2173 737 5576 1738 9415 1725 5978 1885 4579 9513 7160 3239 7927 9160 3052 6085 1808 6022 7949 5267 4168 1071 179 3972 3813 6013 1197 317 6060 9040 3302 8232 6129 5229 6321 5543 3306 8650 3780 7884 4514 7291 1122 2440 6450 525 4877 4610 6546 2825 6228 7065 3896 6407 7389 4060 2419 8585 728 8479 3977 4030 3062 105 5610 5735 5647 8915 4384 5778 6798 8898 3069 4271 7689 5870 4795 8917 479 7692 1742 6707 1109 1989 9465 8497 6048 1883 7081 6776 6713 1057 7157 9775 7513 2766 5509 9512 1681 6244 5289 4830 1493 4709 5453 5534 6931 247 4450 7409 4291 2543 467 5399 4531 9931 247 6931 8166 3679 3706 4878 1088 7214 1004 8600 9979 2864 8111 8011 9108 9752 2841 6952 4460 4645 2485 7742 1243 3287 5151 5533 5829 1969 7283 360 8252 7529 3642 6417 7560 7347 7646 8647 912 8650 7246 890 7865 5357 5253 6972 1460 4445 276 2271 9089 2760 13 331 6046 1515 2216 8227 3483 9498 4938 8086 3379 8579 854 938 5925 8500 5936 3188 3501 3181 429 1365 4889 5681 4689 6348 125 4964 8619 9213 4075 8631 5896 6473 145 8111 4699 9979 7608 9636 8065 7338 8214 5270 4627 490 3769 562 3677 3621 95 4105 4986 1335 9786 9674 7683 6262 989 2653 1827 5063 7635 7722 1535 7779 5832 2585 4109 9791 2220 8525 7129 6785 3795 8107 7274 3915 5021 7302 7536 1467 1407 2521 2801 7544 8546 6835 3805 9534 9487 5631 948 7121 9704 8835 1251 5535 1419 5360 5326 9991 3884 8806 6775 7678 3264 401 7945 8284 7702 5480 9750 5460 8000 8903 3003 2897 5737 3160 8782 5224 5142 6081 2344 4846 4915 3595 6732 2686 5306 2057 2676 9189 7214 5802 3219 478 6202 1163 8761 3904 2994 4863 9363 7345 117 8718 241 5853 8229 5374 7428 9722 1454 9772 4567 6369 9718 1299 5406 1375 9707 4433 6915 6921 234 6485 7398 6436 7647 2510 6691 6992 3724 2405 4336 3840 7474 4576 6045 5702 9949 3472 1776 7755 9595 6342 475 5664 3992 5880 7038 51 312 3953 6971 6897 437 720 9684 4436 9581 6374 1427 9657 5131 5763 9848 8956 6690 5892 1010 2991 9364 2785 745 5310 5478 7571 974 9470 3450 8011 5872 113 8315 9194 7009 8752 6265 6693 9539 5845 9418 7317 5501 900 9431 1701 9856 6121 7592 865 5463 3307 1 2559 8617 5478 129 5942 4947 9930 3952 7170 42 8619 6363 3402 7370 2627 6446 3260 4824 2216 576 6676 3115 7 8376 9322 2479 5968 6538 7941 5626 6538 499 4242 2016 6979 6535 3314 6908 487 484 3301 9105 3198 3054 2826 5825 9500 2437 7000 8067 3012 3675 1181 9370 2051 6855 1848 4370 3392 6140 9995 6282 2990 589 8297 9968 7123 7962 3227 3961 8445 2879 9417 1643 2285 8594 3819 8136 1030 818 6202 394 844 3734 9763 2894 588 7963 7263 332 4102 3610 6613 7092 550 1261 3411 7672 9222 2990 7985 4019 2220 7401 2013 4504 5995 2183 2639 3376 3000 8840 3769 195 2574 9884 3089 9513 7846 6703 9844 8299 6664 2808 5390 7213 4068 5153 1237 9642 4494 9221 3660 6713 2973 2024 1217 5319 4206 3855 8695 3557 9047 8815 3751 7972 8698 6839 7484 6543 9894 7328 4842 2909 6487 6583 122 6907 8087 1358 6548 2580 6930 6559 9293 9902 8582 6861 5221 2787 7067 267 6343 6113 9081 93 
0 1
0 4
0 5
0 12
0 15
0 21
0 31
0 76
0 84
0 86
0 91
0 190
0 317
0 429
0 926
1 2
1 3
1 4
1 5
1 10
1 11
1 14
1 15
1 22
1 34
1 36
1 40
1 49
1 56
1 68
1 76
1 103
1 120
1 128
1 201
1 212
1 220
1 298
1 443
1 459
1 467
1 476
1 564
1 602
2 3
2 5
2 10
2 12
2 14
2 15
2 29
2 35
2 39
2 43
2 56
2 68
2 101
2 199
2 245
2 277
2 284
2 301
2 390
2 410
3 5
3 6
3 9
3 10
3 11
3 12
3 13
3 17
3 18
3 21
3 23
3 24
3 41
3 46
3 48
3 97
3 106
3 115
3 172
3 198
3 245
3 277
3 412
3 635
3 894
4 11
4 12
4 18
4 21
4 22
4 23
4 27
4 32
4 35
4 46
4 50
4 101
4 114
4 138
4 153
4 166
4 201
4 222
4 241
4 279
4 288
4 386
4 409
4 474
4 503
4 671
4 691
5 11
5 12
5 14
5 19
5 20
5 26
5 30
5 34
5 35
5 46
5 57
5 67
5 75
5 82
5 83
5 103
5 104
5 134
5 185
5 233
5 237
5 242
5 292
5 367
5 673
5 973
6 7
6 8
6 10
6 11
6 22
6 27
6 102
6 116
6 126
6 136
6 137
6 171
6 176
6 198
6 411
6 432
6 499
6 536
6 682
6 776
6 780
6 783
6 872
7 15
7 24
7 26
7 27
7 31
7 34
7 93
7 110
7 126
7 221
7 223
7 246
7 448
7 500
7 660
7 905
8 10
8 12
8 30
8 32
8 39
8 47
8 57
8 130
8 139
8 166
8 427
8 511
8 517
8 672
8 734
8 787
9 10
9 12
9 15
9 20
9 23
9 27
9 36
9 83
9 202
9 213
9 222
9 251
9 266
9 297
9 618
9 677
9 964
10 11
10 12
10 15
10 16
10 19
10 27
10 32
10 35
10 48
10 67
10 73
10 76
10 112
10 153
10 174
10 195
10 202
10 272
10 628
11 12
11 15
11 18
11 22
11 27
11 30
11 46
11 112
11 125
11 130
11 245
11 273
11 338
11 347
11 400
11 430
11 526
11 535
11 554
12 14
12 15
12 24
12 27
12 34
12 36
12 63
12 86
12 90
12 102
12 125
12 140
12 178
12 206
12 233
12 387
12 617
12 675
12 750
12 782
13 20
13 22
13 24
13 31
13 35
13 49
13 53
13 65
13 93
13 195
13 215
13 229
13 273
13 301
13 326
13 342
13 366
13 650
13 677
13 741
13 749
13 759
14 21
14 22
14 23
14 31
14 38
14 46
14 61
14 95
14 98
14 123
14 428
14 648
14 718
14 790
14 817
14 842
15 20
15 21
15 22
15 26
15 34
15 59
15 84
15 89
15 118
15 142
15 152
15 174
15 180
15 237
15 265
15 342
15 424
16 17
16 22
16 32
16 39
16 48
16 133
16 152
16 156
16 194
16 198
16 213
16 222
16 275
16 301
16 302
16 363
16 418
16 473
16 755
16 826
17 20
17 21
17 26
17 32
17 37
17 81
17 83
17 112
17 145
17 202
17 224
17 325
17 350
17 396
17 453
17 496
17 606
17 653
17 780
18 21
18 23
18 31
18 38
18 39
18 63
18 64
18 70
18 87
18 99
18 117
18 124
18 180
18 219
18 221
18 415
18 416
18 534
18 604
18 718
19 28
19 34
19 56
19 57
19 62
19 70
19 110
19 150
19 185
19 227
19 231
19 383
19 522
19 724
20 21
20 51
20 53
20 95
20 101
20 103
20 202
20 226
20 227
20 233
20 259
20 365
20 382
20 383
20 395
20 462
20 644
20 793
20 885
21 22
21 25
21 33
21 39
21 56
21 62
21 76
21 118
21 137
21 141
21 187
21 230
21 279
21 434
21 471
21 548
21 560
21 667
21 694
21 783
21 813
22 27
22 31
22 39
22 87
22 89
22 130
22 178
22 235
22 552
22 981
23 31
23 36
23 61
23 63
23 73
23 89
23 121
23 155
23 156
23 162
23 234
23 248
23 258
23 289
23 512
23 755
23 773
23 849
23 880
24 26
24 27
24 30
24 36
24 39
24 42
24 49
24 107
24 127
24 152
24 153
24 205
24 370
24 415
24 632
24 741
24 978
25 39
25 53
25 61
25 70
25 100
25 108
25 252
25 254
25 262
25 277
25 310
25 500
26 36
26 40
26 44
26 53
26 56
26 74
26 122
26 129
26 173
26 180
26 194
26 242
26 266
26 281
26 470
26 597
26 808
26 840
26 901
27 34
27 52
27 93
27 101
27 161
27 183
27 468
27 470
27 485
27 649
27 683
27 880
28 46
28 51
28 67
28 70
28 77
28 86
28 105
28 110
28 150
28 242
28 393
28 995
29 32
29 34
29 91
29 122
29 181
29 202
29 229
29 256
29 263
29 374
29 418
29 758
29 920
30 32
30 51
30 76
30 177
30 220
30 265
30 287
30 310
30 406
30 533
30 649
31 32
31 34
31 39
31 72
31 75
31 107
31 124
31 142
31 147
31 164
31 318
31 337
31 363
31 418
31 473
31 509
31 628
32 35
32 46
32 83
32 84
32 90
32 129
32 153
32 160
32 161
32 181
32 238
32 300
32 368
32 539
32 610
32 624
32 790
32 964
32 997
33 36
33 40
33 48
33 51
33 122
33 140
33 144
33 145
33 172
33 197
33 199
33 241
33 265
33 939
34 176
34 183
34 230
34 264
34 274
34 279
34 334
34 699
34 790
35 48
35 51
35 76
35 118
35 123
35 144
35 207
35 226
35 281
35 356
35 410
35 449
35 548
35 591
35 672
35 791
35 832
35 865
36 45
36 56
36 57
36 75
36 96
36 110
36 266
36 307
36 323
36 396
36 409
36 594
36 619
36 724
36 777
36 930
37 51
37 63
37 70
37 74
37 88
37 89
37 93
37 188
37 189
37 257
37 404
37 407
37 423
37 588
37 718
37 739
38 66
38 76
38 81
38 89
38 91
38 185
38 189
38 285
38 458
38 503
38 506
38 552
38 654
38 747
38 782
39 51
39 53
39 63
39 121
39 130
39 166
39 366
39 525
39 751
40 46
40 55
40 63
40 71
40 75
40 86
40 106
40 126
40 139
40 177
40 250
40 465
40 687
40 704
40 964
41 81
41 116
41 134
41 141
41 145
41 227
41 236
41 294
41 315
41 612
41 685
41 833
41 872
41 985
42 60
42 64
42 75
42 77
42 124
42 129
42 174
42 182
42 187
42 231
42 426
42 659
42 790
43 57
43 61
43 75
43 104
43 174
43 224
43 241
43 282
43 308
43 525
43 584
43 612
43 702
43 715
44 56
44 110
44 128
44 153
44 206
44 268
44 273
44 298
44 387
44 412
44 696
44 801
44 841
44 921
45 46
45 53
45 54
45 62
45 63
45 64
45 68
45 75
45 77
45 83
45 86
45 140
45 171
45 269
45 306
45 342
45 400
45 646
45 652
45 669
45 834
45 955
46 80
46 86
46 101
46 125
46 128
46 130
46 152
46 175
46 176
46 178
46 208
46 217
46 251
46 253
46 262
46 327
46 357
46 408
46 466
46 521
46 555
46 631
46 652
46 654
46 754
46 987
47 57
47 62
47 71
47 94
47 103
47 104
47 110
47 124
47 126
47 127
47 129
47 145
47 146
47 159
47 163
47 336
47 490
47 516
47 649
48 63
48 81
48 126
48 127
48 344
48 388
48 424
48 536
48 645
48 735
48 736
48 922
49 63
49 87
49 93
49 165
49 221
49 245
49 273
49 297
49 337
49 400
49 503
49 825
50 56
50 85
50 111
50 136
50 147
50 184
50 310
50 473
50 531
50 777
51 66
51 73
51 77
51 91
51 114
51 219
51 263
51 311
51 319
51 589
51 601
51 653
51 677
51 803
52 76
52 87
52 99
52 117
52 150
52 156
52 182
52 189
52 212
52 233
52 236
52 450
52 708
52 928
53 58
53 67
53 110
53 152
53 164
53 184
53 185
53 326
53 357
53 365
53 412
53 457
53 462
53 771
53 859
54 62
54 70
54 75
54 129
54 142
54 147
54 175
54 182
54 278
54 285
54 429
54 523
54 617
54 752
54 754
54 818
54 840
54 876
55 70
55 87
55 105
55 118
55 119
55 158
55 198
55 226
55 298
55 366
55 470
55 626
55 633
55 669
55 718
55 955
56 62
56 66
56 76
56 86
56 92
56 141
56 152
56 176
56 198
56 206
56 276
56 606
57 78
57 92
57 100
57 102
57 137
57 138
57 183
57 260
57 386
57 397
57 646
57 811
57 876
57 908
57 970
58 83
58 90
58 96
58 137
58 140
58 155
58 327
58 441
58 507
58 724
58 872
59 61
59 105
59 108
59 130
59 140
59 169
59 187
59 336
59 783
60 69
60 89
60 121
60 122
60 125
60 144
60 344
60 367
60 394
60 455
60 773
60 891
60 952
60 961
61 65
61 73
61 93
61 126
61 180
61 208
61 215
61 225
61 229
61 242
61 269
61 294
62 98
62 257
62 375
62 520
62 568
62 569
62 576
62 829
63 74
63 116
63 140
63 144
63 243
63 336
63 354
63 610
63 716
63 783
63 806
63 885
63 934
64 79
64 87
64 112
64 133
64 168
64 191
64 316
64 330
64 341
64 358
64 392
64 397
64 505
64 633
64 661
64 716
64 858
65 74
65 77
65 78
65 81
65 93
65 104
65 148
65 179
65 180
65 183
65 206
65 336
65 366
65 449
65 486
65 515
65 993
66 77
66 124
66 180
66 201
66 208
66 226
66 370
66 629
66 830
66 991
67 77
67 83
67 109
67 129
67 149
67 172
67 240
67 462
67 610
67 991
68 87
68 110
68 125
68 149
68 185
68 199
68 317
68 333
68 479
68 506
68 587
68 732
68 763
68 930
68 995
69 89
69 109
69 123
69 124
69 129
69 209
69 344
69 366
69 562
69 767
70 73
70 81
70 86
70 103
70 126
70 203
70 227
70 279
70 298
70 332
70 360
70 443
70 512
70 517
70 529
70 637
70 699
70 761
71 172
71 370
71 397
71 465
72 74
72 135
72 147
72 186
72 238
72 295
72 338
72 341
72 413
72 775
72 817
72 839
73 83
73 89
73 93
73 114
73 196
73 358
73 383
73 582
73 657
73 962
74 79
74 122
74 123
74 145
74 160
74 225
74 240
74 277
74 344
74 414
74 424
74 661
74 698
74 888
75 101
75 124
75 138
75 157
75 182
75 217
75 222
75 250
75 298
75 374
75 402
75 422
75 465
75 608
75 667
75 680
75 838
76 81
76 89
76 98
76 105
76 106
76 112
76 145
76 147
76 231
76 402
76 447
76 463
76 839
76 948
77 83
77 191
77 242
77 387
77 476
77 591
77 948
78 90
78 149
78 156
78 199
78 232
78 283
78 402
78 520
78 532
78 560
78 581
78 935
79 105
79 121
79 156
79 231
79 290
79 292
79 354
79 381
79 409
79 431
80 90
80 107
80 188
80 190
80 367
80 417
80 425
80 512
80 589
80 685
80 737
81 87
81 139
81 236
81 329
81 335
81 496
81 599
81 805
82 93
82 179
82 225
82 436
82 444
82 568
82 613
82 646
82 763
82 913
83 87
83 117
83 377
83 462
83 619
83 883
84 105
84 116
84 124
84 166
84 199
84 287
84 337
84 360
84 391
84 569
84 573
84 729
84 875
84 906
85 86
85 178
85 208
85 217
85 237
85 332
85 426
85 779
85 962
86 101
86 106
86 112
86 114
86 117
86 145
86 210
86 448
86 812
86 853
87 90
87 115
87 140
87 147
87 153
87 185
87 256
87 265
87 279
87 326
87 366
87 534
87 681
87 870
87 928
88 122
88 130
88 181
88 236
88 338
88 373
88 414
88 439
88 483
88 543
88 738
88 776
88 796
88 946
89 102
89 105
89 193
89 265
89 301
89 322
89 379
89 477
89 596
89 737
89 829
90 105
90 124
90 139
90 174
90 218
90 219
90 279
90 357
90 453
90 705
90 763
90 844
90 958
91 126
91 136
91 152
91 187
91 219
91 534
91 640
91 747
91 794
91 866
91 939
92 108
92 116
92 127
92 139
92 145
92 172
92 224
92 400
92 406
92 498
92 599
92 913
93 113
93 134
93 235
93 292
93 310
93 511
93 692
93 741
93 761
93 865
94 96
94 112
94 127
94 154
94 155
94 176
94 202
94 213
94 260
94 290
94 309
94 637
94 716
94 829
95 109
95 121
95 127
95 139
95 245
95 262
95 379
95 534
95 809
95 965
96 97
96 179
96 181
96 202
96 220
96 386
96 414
96 539
96 658
96 706
96 896
97 105
97 127
97 156
97 194
97 354
97 411
97 465
97 634
97 710
97 753
98 104
98 138
98 144
98 203
98 215
98 233
98 251
98 333
98 440
98 507
98 777
99 121
99 130
99 139
99 147
99 166
99 237
99 267
99 332
99 367
99 373
99 952
100 117
100 121
100 128
100 132
100 156
100 170
100 187
100 313
100 338
100 404
100 432
100 455
100 488
100 543
100 608
101 108
101 115
101 134
101 147
101 167
101 178
101 203
101 232
101 240
101 334
101 376
102 117
102 119
102 126
102 246
102 313
102 350
102 702
102 744
103 107
103 115
103 119
103 123
103 143
103 368
103 400
103 408
103 419
103 450
103 536
103 771
103 785
103 981
104 134
104 170
104 177
104 258
104 393
104 475
104 487
104 602
104 645
105 132
105 156
105 163
105 166
105 237
105 245
105 524
105 690
106 109
106 115
106 135
106 136
106 142
106 330
106 615
106 625
106 658
106 660
106 789
106 848
106 877
106 969
107 129
107 131
107 198
107 214
107 411
107 593
108 127
108 159
108 198
108 199
108 234
108 357
108 438
108 441
108 586
108 640
108 874
108 956
109 118
109 145
109 218
109 286
109 301
109 466
110 134
110 149
110 171
110 174
110 181
110 182
110 215
110 247
110 332
110 360
110 392
110 565
110 761
111 112
111 134
111 251
111 277
111 443
111 493
111 584
111 597
112 153
112 189
112 211
112 230
112 262
112 330
112 334
112 508
112 675
113 125
113 134
113 164
113 182
113 237
113 466
113 560
113 607
114 173
114 217
114 251
114 310
114 327
114 448
114 493
114 584
114 677
114 735
114 960
115 248
115 289
115 474
116 127
116 128
116 138
116 152
116 267
116 322
116 336
116 375
116 445
116 476
116 551
116 770
117 121
117 160
117 167
117 269
117 389
117 464
117 475
117 541
117 552
117 660
117 812
118 128
118 138
118 174
118 176
118 222
118 446
118 565
118 596
118 633
118 779
119 174
119 204
119 224
119 267
119 274
119 487
119 532
119 564
119 834
119 922
120 155
120 355
120 375
120 844
120 889
121 164
121 245
121 332
121 375
121 418
121 607
121 790
122 130
122 151
122 153
122 156
122 205
122 206
122 212
122 229
122 247
122 273
122 298
122 320
122 362
122 409
122 411
122 423
122 434
123 131
123 187
123 202
123 456
123 493
123 627
124 141
124 172
124 230
124 539
124 788
124 979
125 211
125 385
125 477
125 578
125 589
125 600
125 601
125 764
126 172
126 186
126 226
126 277
126 348
126 473
126 564
126 571
126 619
127 139
127 150
127 185
127 203
127 217
127 234
127 247
127 260
127 289
127 308
127 580
127 838
127 894
127 917
128 309
128 337
128 345
128 357
128 527
128 575
128 645
128 838
128 983
129 230
129 279
129 282
129 430
129 500
129 868
129 894
129 965
130 178
130 198
130 246
130 291
130 342
130 383
130 429
130 454
130 552
130 672
130 782
130 936
131 153
131 160
131 166
131 192
131 211
131 324
131 405
131 568
131 715
131 731
132 213
132 215
132 299
132 317
132 381
132 387
132 420
132 479
132 823
133 166
133 180
133 199
133 205
133 257
133 299
133 377
133 389
133 525
133 571
133 641
133 764
134 144
134 175
134 453
134 470
134 498
134 531
135 262
135 694
136 182
136 212
136 288
136 317
136 345
136 401
136 529
136 626
136 991
137 139
137 176
137 234
137 260
137 268
137 292
137 332
137 451
137 803
137 909
138 194
138 207
138 337
138 347
138 357
138 385
138 430
138 524
138 583
138 620
138 688
138 695
138 791
138 840
138 889
138 995
139 140
139 141
139 149
139 177
139 185
139 206
139 224
139 291
139 838
140 281
140 382
140 415
140 432
140 469
140 523
140 574
140 634
140 698
140 721
140 744
140 798
141 293
141 446
141 449
141 560
141 740
141 855
142 202
142 207
142 274
142 330
142 449
142 766
143 191
143 208
143 223
143 291
143 293
143 385
143 453
143 580
143 607
143 853
144 172
144 310
144 339
144 553
144 631
144 712
144 820
144 832
145 155
145 231
145 391
145 393
145 480
145 503
145 527
145 571
145 643
145 805
146 177
146 178
146 289
146 662
146 804
146 828
146 930
147 149
147 155
147 275
147 395
147 449
147 474
147 534
147 615
147 628
147 798
147 859
148 151
148 240
148 271
148 297
148 367
148 386
148 534
148 708
149 166
149 225
149 273
149 290
149 358
149 628
149 663
150 285
150 299
150 376
150 404
150 483
150 487
150 506
151 180
151 186
151 297
151 319
151 464
151 870
152 270
152 448
152 457
152 623
153 161
153 167
153 175
153 187
153 189
153 311
153 337
153 345
153 385
153 452
153 582
153 701
153 709
153 759
153 789
153 951
153 990
154 176
154 234
154 386
154 522
154 544
154 603
155 250
155 294
155 338
155 414
155 427
156 171
156 181
156 370
156 633
157 231
157 291
157 345
157 384
157 440
157 555
157 729
158 409
158 487
158 828
158 909
159 207
159 211
159 303
159 326
159 336
159 358
159 381
159 524
159 532
159 578
159 586
159 868
159 884
159 996
160 231
160 245
160 269
160 362
160 440
160 602
160 723
161 214
161 345
161 744
161 900
162 187
162 211
162 214
162 249
162 297
162 362
162 487
162 578
162 591
162 654
162 694
163 174
163 197
163 230
163 246
163 354
163 458
163 545
163 639
164 222
164 279
164 333
164 418
164 657
164 712
165 191
165 211
165 266
165 365
165 466
165 555
165 671
165 732
165 845
165 923
166 181
166 216
166 221
166 241
166 251
166 307
166 353
166 356
166 780
166 831
166 967
167 222
167 226
167 315
167 542
167 595
168 175
168 208
168 211
168 219
168 237
168 347
168 407
168 481
168 652
168 880
169 175
169 239
169 626
169 739
169 832
169 862
169 880
169 904
170 251
170 490
170 647
170 787
171 184
171 212
171 684
171 896
171 972
172 180
172 251
172 308
172 657
172 754
172 966
172 1000
173 232
173 273
173 376
173 459
173 776
174 181
174 233
174 273
174 348
174 391
174 429
174 445
174 446
174 460
174 476
174 599
174 693
174 707
174 732
174 798
174 867
175 476
175 548
175 568
175 669
175 685
176 256
176 261
176 266
176 336
176 379
176 446
176 459
176 507
176 528
176 771
176 975
177 313
177 322
177 379
177 459
178 181
178 207
178 227
178 287
178 358
178 453
178 884
179 219
179 233
179 297
180 268
180 310
180 402
180 612
180 841
180 913
181 369
181 408
181 599
181 628
181 643
181 645
181 745
181 927
182 188
182 194
182 230
182 262
182 273
182 417
182 574
182 631
182 689
182 690
182 758
183 275
183 285
183 424
183 494
183 523
183 577
184 411
184 484
184 560
184 841
184 994
185 190
185 206
185 229
185 257
185 409
185 547
185 647
185 949
186 310
186 360
186 416
186 426
186 483
186 488
186 532
186 636
186 955
187 258
187 286
187 313
187 358
187 508
187 522
187 692
188 208
188 262
188 286
188 365
188 454
188 503
188 531
189 201
189 232
189 317
189 667
189 913
189 934
189 992
190 205
190 229
190 311
190 330
191 327
191 417
191 427
191 503
191 604
191 634
191 849
192 356
192 434
192 448
192 469
192 585
193 256
193 292
193 434
193 736
193 803
193 905
193 987
194 198
194 224
194 263
194 269
194 407
194 586
194 850
194 878
194 896
195 201
195 228
195 234
195 301
195 449
195 460
195 474
195 496
196 200
196 609
196 782
196 904
197 315
197 340
197 349
197 373
197 588
197 833
198 412
198 448
198 531
198 582
198 647
198 741
198 834
198 964
199 222
199 245
199 289
199 358
199 380
199 397
199 511
199 592
199 850
200 212
200 235
200 248
200 296
200 347
200 553
200 660
200 837
201 220
201 235
201 265
201 357
201 805
201 834
202 224
202 291
202 361
202 366
202 778
203 206
203 232
203 328
203 377
203 445
203 458
203 906
204 293
204 354
204 468
204 615
204 618
204 671
204 682
204 756
205 246
205 282
206 214
206 219
206 246
206 247
206 321
206 331
206 373
206 430
206 562
206 736
206 990
207 623
207 690
207 868
207 999
208 248
208 294
208 367
208 717
208 881
209 230
209 231
209 294
209 322
209 506
209 684
209 798
209 837
210 274
210 416
210 443
210 579
210 810
210 965
211 224
211 246
211 282
211 293
211 765
211 911
211 969
212 221
212 222
212 288
212 296
212 343
212 434
212 861
213 292
213 319
213 345
213 607
213 610
213 631
213 882
213 970
213 981
214 299
214 325
214 343
214 447
214 655
214 919
214 953
215 516
215 710
215 834
216 331
216 382
216 479
216 903
216 949
216 970
217 232
217 237
217 274
217 420
217 479
217 750
217 950
217 951
218 224
218 395
218 410
218 461
218 556
218 579
218 674
218 992
219 346
219 424
219 450
219 626
219 944
220 246
220 262
220 294
220 548
220 984
221 244
221 313
221 317
221 342
221 414
221 517
221 711
221 883
222 229
222 307
222 346
222 388
222 407
222 529
222 547
222 568
223 252
223 458
223 551
223 746
223 808
224 385
224 396
224 415
224 534
224 551
224 552
224 850
224 898
225 519
225 747
225 770
225 787
225 857
226 280
226 383
226 549
226 674
226 785
226 905
227 282
227 366
227 501
227 512
227 624
227 902
228 232
228 474
228 481
228 584
228 862
229 356
229 379
229 481
229 496
229 735
229 779
229 898
229 901
229 965
230 260
230 297
230 377
230 454
230 730
231 237
231 241
231 425
231 514
231 802
232 263
232 317
232 336
232 386
232 475
232 476
232 502
232 530
233 386
233 420
233 568
233 597
233 686
233 746
234 279
234 289
234 691
234 718
234 878
235 352
235 391
235 421
235 467
235 639
235 648
235 691
235 838
235 849
235 868
235 878
236 535
236 602
236 779
236 811
237 282
237 407
237 499
237 815
237 972
238 700
238 770
238 960
239 322
239 351
239 352
239 360
239 424
239 606
239 722
240 255
240 256
240 364
240 367
240 401
240 420
240 471
240 604
240 679
240 917
241 256
241 289
241 338
241 389
241 452
241 478
241 486
241 494
241 593
242 294
242 463
242 652
243 362
243 400
243 563
243 618
243 965
244 569
244 674
245 257
245 413
245 430
245 440
245 485
245 522
245 581
245 880
246 274
246 379
246 387
246 469
246 511
246 680
246 695
246 934
247 286
247 334
247 343
247 404
247 501
247 526
247 547
247 571
247 964
247 978
248 326
248 408
248 415
248 448
248 463
248 607
248 708
249 338
250 322
250 354
250 389
250 421
250 578
250 825
250 973
251 298
251 479
251 605
251 613
251 646
252 319
252 345
252 360
252 412
252 419
252 519
252 586
252 628
252 673
253 305
253 343
253 571
253 590
253 605
253 637
253 699
253 703
253 934
254 470
254 735
254 832
254 850
254 975
255 292
255 317
255 476
255 571
256 290
256 441
256 496
256 516
256 661
257 285
257 290
257 304
257 447
257 653
257 729
258 375
258 400
258 470
258 535
258 554
258 640
258 758
259 269
259 288
259 290
259 383
259 508
259 531
259 583
259 859
260 293
260 294
260 350
260 404
260 734
260 933
260 939
261 262
261 319
261 322
261 417
261 425
261 580
262 289
262 345
262 354
262 649
262 665
262 739
262 892
263 265
263 421
263 906
263 970
264 350
264 387
264 717
264 763
264 825
264 858
264 987
265 319
265 395
265 448
266 290
266 434
266 502
267 347
267 423
267 430
267 453
267 466
267 580
267 768
267 776
267 861
267 928
268 286
268 433
268 730
269 301
269 353
269 402
269 482
269 628
269 658
269 972
270 314
270 330
270 331
270 376
270 410
270 443
270 460
270 515
270 594
270 658
270 692
270 710
270 856
270 977
271 313
271 328
271 392
271 413
271 426
271 447
271 458
271 487
271 572
271 674
271 807
271 896
271 966
272 330
272 335
272 346
272 372
272 490
272 636
272 779
272 832
272 835
273 347
273 385
273 418
273 639
273 685
274 480
275 289
275 484
275 674
275 794
275 837
275 877
275 965
275 973
276 335
276 382
276 396
276 411
276 511
276 660
276 930
277 331
277 335
277 346
277 374
277 395
277 463
277 977
278 299
278 508
278 612
279 385
279 584
279 692
280 328
280 454
280 500
280 586
280 694
280 728
280 908
280 923
281 297
281 395
281 445
281 567
281 664
281 812
282 382
282 515
282 631
282 666
283 326
283 463
283 615
283 621
283 667
284 298
284 349
284 734
284 744
284 752
284 915
284 980
285 309
285 325
285 341
285 362
285 371
285 475
285 492
285 556
285 669
286 354
286 359
286 462
286 684
286 756
286 780
286 942
287 324
287 449
287 450
287 475
287 635
287 978
288 347
288 709
288 726
288 733
289 608
289 898
289 947
290 383
290 388
290 602
290 987
291 297
291 465
291 467
291 594
291 670
291 869
291 961
291 981
292 321
292 371
292 385
292 438
293 452
293 509
293 741
293 785
293 858
294 301
294 665
294 913
295 334
295 402
295 407
295 415
295 484
295 503
295 879
295 957
296 370
296 523
296 527
296 546
296 798
296 943
297 559
297 716
297 805
298 313
298 344
298 362
298 387
298 389
298 396
298 426
298 670
299 306
299 342
299 376
299 627
299 702
299 848
299 994
300 701
300 735
300 972
301 325
301 364
301 403
301 420
301 430
301 441
301 450
301 479
301 524
301 644
301 715
301 849
302 312
302 343
302 351
302 382
302 600
302 762
302 792
302 859
303 353
303 398
303 458
303 507
303 522
303 627
303 807
303 972
304 473
304 548
304 828
304 879
304 970
305 364
305 408
305 496
305 507
305 594
305 617
305 791
306 319
306 342
306 507
306 620
306 927
307 330
307 335
307 338
307 373
307 380
307 386
307 474
307 512
308 319
308 447
308 584
308 593
308 604
308 836
308 844
309 339
309 387
309 413
309 543
309 984
310 645
310 819
310 849
310 855
310 859
310 964
310 990
311 343
311 414
311 434
311 509
311 548
311 582
311 735
311 994
312 402
312 517
312 565
312 715
312 821
312 859
312 970
313 335
313 462
313 803
313 872
314 344
314 399
314 404
314 438
314 574
314 611
315 387
315 585
315 630
315 737
316 343
316 389
316 472
316 556
316 729
317 470
317 828
317 840
318 480
318 639
318 649
318 690
318 858
319 529
320 348
320 411
320 550
320 720
321 391
321 446
321 454
321 578
322 466
322 502
322 561
322 708
322 782
322 842
323 364
323 413
323 453
323 484
323 571
323 672
323 788
324 388
324 510
324 606
324 625
324 634
324 789
324 826
324 868
325 332
325 391
325 589
325 752
326 617
326 758
326 861
326 925
327 378
327 381
327 388
327 435
327 793
327 888
327 916
327 935
328 560
328 569
328 946
329 597
329 602
329 664
330 534
330 665
330 771
330 838
330 960
331 823
332 341
332 397
332 493
333 350
333 360
333 382
333 439
333 693
333 972
334 342
334 440
334 535
334 556
335 350
335 392
335 403
335 459
335 491
335 625
335 868
336 362
336 373
336 473
336 482
336 543
336 547
337 388
337 404
337 593
337 617
337 639
337 675
338 385
338 412
338 556
338 644
338 784
338 813
338 909
338 988
339 526
339 655
339 970
339 991
340 432
340 504
340 561
340 597
340 612
340 855
341 381
341 429
341 679
341 823
342 498
342 553
342 621
342 969
343 404
343 423
343 578
343 963
343 993
344 403
344 532
344 669
344 793
344 814
345 379
345 497
345 670
345 800
345 972
346 361
346 423
346 442
346 885
347 512
347 612
347 719
347 816
347 938
348 406
348 466
348 736
348 761
348 862
348 935
349 367
349 512
349 701
350 438
350 485
350 555
350 654
351 367
351 434
351 437
351 554
351 583
351 613
351 773
352 356
352 357
352 871
353 565
353 569
353 842
353 939
354 619
354 644
355 702
355 746
356 516
356 606
356 658
357 482
357 780
357 990
358 567
358 653
358 677
358 739
358 746
358 874
358 925
358 984
359 371
359 389
359 459
359 463
359 512
359 823
359 855
359 928
359 996
360 701
360 710
361 413
361 551
361 610
361 729
361 793
361 887
361 892
361 937
362 413
362 434
362 448
362 453
362 490
362 787
362 825
362 908
363 393
363 425
363 426
363 429
363 583
363 587
363 673
363 876
364 469
364 486
364 547
364 582
364 661
364 779
364 797
364 844
364 850
364 890
365 447
365 480
365 606
365 662
365 695
365 799
366 426
366 604
368 601
368 763
368 844
369 381
369 527
369 574
369 642
369 677
370 499
370 691
370 716
370 790
370 992
370 995
371 375
371 379
371 420
371 457
371 477
371 757
371 818
371 942
372 392
372 457
372 585
372 716
372 769
372 976
373 379
373 382
373 502
373 679
373 715
373 728
373 741
373 776
374 393
374 406
374 480
374 786
374 904
374 923
375 422
375 473
375 667
375 901
376 438
376 535
376 797
377 396
377 621
377 756
377 935
378 394
378 825
378 833
378 903
379 555
379 564
379 569
379 652
379 746
379 750
379 830
380 400
380 420
380 454
380 788
380 849
381 397
381 497
381 555
381 842
382 482
382 519
382 542
382 598
382 803
383 392
383 397
383 402
383 513
384 417
384 564
384 939
385 406
385 438
385 441
385 462
385 530
385 791
386 392
386 429
386 432
386 468
386 565
386 811
387 427
387 449
387 475
388 615
388 631
388 812
388 838
389 394
389 430
389 503
389 517
390 397
390 438
390 487
390 571
390 658
390 965
391 498
391 664
391 728
391 787
391 968
392 412
392 498
392 520
392 582
392 633
393 532
393 591
393 600
393 656
393 836
393 993
394 453
394 479
394 556
394 652
394 995
395 566
395 572
395 788
395 941
396 431
396 485
396 493
396 526
396 877
397 441
397 568
397 658
397 694
397 980
398 422
398 439
398 458
398 598
398 626
398 638
399 412
399 674
399 712
400 446
400 469
400 979
401 454
401 568
401 618
401 661
401 868
402 463
402 567
402 670
402 952
403 470
403 506
404 406
404 423
404 482
405 414
405 427
405 447
405 456
405 639
405 750
406 467
406 547
406 562
406 749
406 781
406 893
407 412
407 449
407 472
407 553
407 763
408 485
408 617
408 649
408 684
408 727
408 732
408 895
408 908
409 459
409 471
409 498
409 638
409 681
409 725
409 844
409 848
409 872
409 979
410 459
410 759
410 904
410 908
410 940
410 968
411 476
411 498
411 523
411 539
411 607
411 678
412 447
412 521
412 582
412 969
413 799
414 476
414 644
414 822
414 877
415 429
415 783
415 990
416 474
416 737
417 485
417 580
417 776
417 829
418 507
418 527
418 650
418 712
418 756
418 923
418 940
418 973
419 486
419 582
419 684
419 708
419 872
419 938
419 941
420 423
420 592
421 502
421 574
421 676
421 806
421 839
422 464
422 557
422 599
422 607
422 624
422 817
423 458
423 508
423 585
423 599
423 609
423 724
423 737
423 826
423 923
424 552
424 695
424 727
424 812
424 899
425 615
426 596
426 773
426 966
427 485
427 523
428 430
428 563
428 978
429 754
429 890
430 536
430 578
430 790
430 845
430 876
431 588
431 888
432 470
432 560
433 444
433 503
433 741
433 878
433 887
433 978
434 482
434 732
435 614
436 756
437 474
437 482
437 580
437 754
437 892
437 973
438 698
438 721
439 455
439 525
439 728
441 553
441 621
441 799
441 982
442 486
442 872
442 960
443 444
443 646
443 674
443 916
443 973
444 542
444 717
444 727
444 806
444 930
445 520
445 599
445 623
445 777
445 801
445 946
446 466
446 468
446 525
446 702
446 735
446 924
446 987
447 475
447 489
447 495
447 524
447 586
447 624
447 667
448 475
448 578
448 591
448 667
448 785
448 865
448 997
449 527
449 535
449 567
449 568
449 613
449 920
450 527
450 540
450 646
450 945
451 464
451 647
451 685
451 807
451 852
452 767
453 502
453 531
453 563
453 617
454 507
454 740
455 582
455 618
456 463
456 522
456 523
456 532
456 643
456 665
456 754
456 772
456 897
456 905
457 538
457 567
457 598
457 636
457 686
457 752
458 547
458 574
458 769
459 518
459 635
459 645
459 699
459 806
459 991
460 531
460 567
460 591
460 939
460 953
461 612
461 767
461 842
461 957
461 981
462 471
462 647
462 791
462 903
463 579
463 611
463 830
463 973
464 518
464 552
464 584
464 829
464 832
464 848
465 467
465 617
465 732
465 862
465 889
466 682
466 735
466 774
466 837
467 594
467 637
467 701
467 729
467 812
467 822
468 486
468 578
468 850
469 506
469 512
469 701
469 998
470 485
470 564
470 588
470 698
470 807
471 474
471 974
472 739
472 935
473 752
473 830
473 832
473 833
474 589
474 647
474 680
474 863
475 478
475 741
475 761
476 501
476 574
476 686
477 490
477 509
477 581
477 640
477 887
478 664
478 695
478 877
478 957
479 777
479 984
480 676
480 708
480 787
480 814
480 882
480 902
481 500
481 917
482 483
482 563
482 609
483 635
483 690
483 712
483 879
483 966
483 967
484 621
484 968
485 618
485 798
485 814
486 756
486 887
486 938
486 962
487 805
488 523
488 576
488 795
489 609
489 756
489 767
489 866
489 964
490 532
490 797
491 717
491 738
491 792
491 797
491 927
493 555
493 761
493 764
493 967
494 514
494 547
494 767
494 929
494 985
495 633
495 637
495 883
495 973
496 673
497 581
498 645
498 744
498 750
498 917
499 516
499 570
499 703
499 894
500 581
500 606
501 715
501 786
502 645
502 754
502 870
503 548
503 830
503 885
503 979
504 558
504 646
505 539
505 844
506 698
506 817
506 884
507 526
507 607
507 712
507 981
507 996
508 634
508 640
509 698
509 925
510 606
511 730
511 767
511 938
511 983
512 517
512 707
513 553
513 600
513 644
513 784
513 887
513 908
514 712
514 971
515 602
515 808
515 828
515 961
516 586
516 609
517 560
517 624
517 721
517 822
518 600
518 660
518 707
518 764
518 807
519 656
519 849
520 991
520 999
521 617
521 948
522 537
522 868
522 954
523 535
523 580
523 792
524 580
524 696
524 702
524 834
525 537
525 660
525 854
525 913
526 591
526 904
526 918
527 712
527 948
528 682
529 531
529 695
529 701
529 959
530 655
530 955
531 664
532 534
532 664
532 676
532 910
533 724
533 770
533 835
533 905
534 781
534 890
535 781
536 555
536 616
536 848
537 585
538 673
538 978
539 615
539 693
540 567
540 716
540 776
540 779
540 963
541 567
541 604
541 990
543 904
544 554
544 835
545 584
546 993
547 842
547 961
547 962
548 567
548 581
548 593
548 760
548 882
549 707
549 736
549 777
549 886
550 588
550 690
550 702
550 710
552 876
552 978
553 634
553 635
553 905
554 698
555 987
556 571
558 626
558 694
558 710
558 830
559 643
559 916
560 652
560 660
560 748
560 867
561 657
562 695
563 729
563 960
565 883
566 861
567 609
567 785
567 794
567 953
568 695
568 785
568 908
569 822
569 857
569 879
569 939
571 620
571 658
572 643
572 832
572 969
573 583
573 586
573 705
574 710
574 734
574 994
575 751
575 761
575 808
575 888
575 902
576 861
577 677
577 690
577 853
577 863
578 680
578 773
579 771
580 597
580 717
580 792
580 953
581 697
581 727
581 769
582 816
583 799
584 604
584 776
585 651
586 669
586 946
587 953
588 669
588 729
588 894
588 983
589 621
589 646
589 861
590 596
590 672
590 912
590 948
591 624
591 732
591 785
591 807
591 894
592 622
592 827
593 672
593 711
593 847
593 859
593 889
594 966
595 676
595 737
596 676
596 884
597 604
597 842
597 977
598 694
598 993
599 977
600 767
600 805
600 841
601 708
602 634
602 639
603 689
603 727
604 646
604 889
605 877
605 997
606 718
606 861
606 982
607 634
607 752
607 991
608 698
608 782
609 782
610 612
610 624
610 635
610 787
611 695
611 945
613 837
614 662
615 639
615 712
615 749
615 822
615 945
616 828
617 690
617 888
618 788
618 908
618 923
619 734
619 758
619 926
620 668
620 674
620 702
620 742
621 708
621 952
623 753
623 761
623 847
623 862
624 703
624 709
624 939
624 964
625 989
626 749
626 867
626 989
627 941
628 805
629 645
630 733
630 790
630 879
630 889
631 701
631 762
631 904
631 912
631 962
632 747
632 843
632 930
633 661
633 693
633 979
634 743
635 655
635 861
636 643
636 730
636 901
636 912
636 926
638 717
639 876
639 878
640 889
640 911
640 946
642 644
642 809
643 797
643 812
643 822
643 857
644 843
645 835
645 865
645 990
646 791
646 960
647 758
647 862
648 785
648 858
648 986
649 811
649 828
649 965
650 844
651 728
651 768
651 822
651 966
652 669
652 818
652 832
653 910
654 658
654 676
655 661
656 776
656 960
657 672
657 880
658 791
658 825
658 880
659 784
659 865
659 870
660 675
660 848
660 958
661 686
662 784
662 870
663 702
663 825
664 725
664 972
665 969
666 817
666 844
666 962
666 964
667 672
667 764
667 839
667 952
668 671
668 953
669 855
670 883
672 993
673 724
673 905
674 873
674 883
675 716
675 739
675 797
676 714
676 791
676 912
677 740
677 858
677 946
677 993
679 828
680 802
680 811
680 851
680 892
681 694
682 715
682 724
682 734
682 973
683 881
683 920
684 699
684 752
684 857
685 867
685 923
686 803
686 946
688 859
688 863
689 803
689 987
690 717
690 887
690 935
691 708
691 711
691 713
691 978
692 729
692 927
694 881
694 904
694 909
694 960
696 782
696 962
696 967
697 727
697 887
697 980
698 808
698 883
699 793
699 830
699 833
700 764
700 840
700 849
700 877
701 752
701 801
701 865
702 943
703 710
703 744
704 878
704 903
704 997
705 860
705 889
706 837
706 847
707 756
707 767
707 769
707 784
708 728
708 749
708 806
709 860
710 733
710 826
711 771
712 784
713 977
714 835
714 857
715 783
715 826
715 843
717 757
717 871
719 872
721 968
722 968
723 838
723 946
725 785
727 922
728 834
728 928
729 840
729 916
729 970
730 847
731 944
732 752
732 877
733 763
733 841
734 737
735 963
736 746
736 783
736 931
737 756
738 894
738 941
738 961
739 746
739 823
739 825
739 828
739 857
739 996
740 992
741 787
741 837
741 912
741 992
741 993
743 958
744 836
745 790
745 946
747 779
747 907
747 977
748 916
749 833
751 846
751 862
753 955
754 782
754 801
754 977
755 838
755 952
757 906
758 891
758 998
759 812
759 833
759 859
759 883
760 767
760 788
760 798
761 824
761 901
762 763
762 825
763 927
764 922
766 807
769 779
769 783
769 803
769 814
769 906
769 955
770 962
771 822
771 823
771 851
776 941
778 887
779 908
782 876
783 945
785 823
785 880
788 949
788 962
789 912
790 834
790 927
792 842
793 842
796 861
798 917
798 935
799 827
799 933
799 998
801 848
801 858
802 879
802 884
804 953
805 978
808 979
810 855
810 987
811 902
813 881
814 862
815 829
815 932
815 937
816 913
817 905
817 991
819 920
820 833
823 834
825 835
826 864
826 894
827 916
830 849
830 933
831 863
838 967
839 965
840 856
840 866
842 894
844 877
844 966
849 975
850 906
851 860
852 922
853 878
853 938
853 980
854 914
854 959
855 968
855 980
855 981
857 920
858 916
858 951
861 982
861 992
862 865
869 913
870 920
873 922
874 948
878 963
879 916
879 980
880 904
880 938
880 997
882 979
883 944
884 957
885 891
888 945
889 949
893 945
896 912
899 943
901 994
904 922
905 968
908 938
908 980
910 957
911 957
913 941
914 942
916 922
918 980
920 970
923 934
923 981
931 944
933 987
934 969
936 979
937 994
949 959
950 966
967 996
989 993