701 3208
6808 9816 3837 7024 1016 4347 7968 5410 592 9372 4181 471 6050 9650 9286 1325 729 3198 5531 5427 5019 4553 506 1447 6218 6450 3375 1525 5933 8263 4089 2741 8078 7925 6116 9093 2272 435 855 2863 9806 1387 9685 2207 7388 5323 3531 4468 8520 9061 9894 9890 9965 6751 7689 6182 3201 1063 7707 5485 5678 1795 4577 3755 6071 692 9200 8342 7478 6406 7557 3635 7792 3593 5841 1532 8915 5723 5999 3787 1135 2245 28 1100 5347 7716 7281 4899 5131 1339 384 808 9485 1312 4562 5556 8356 113 249 5833 6518 4157 9468 662 7750 1660 2193 6664 7383 4543 6802 4869 6787 6830 5968 8486 4545 9601 3384 6027 7291 119 6834 6776 1431 1396 8683 6138 7860 5283 1970 4378 9440 7789 1391 3541 5801 9935 6556 9535 4477 3358 4403 7616 187 371 6101 1083 6323 5836 7110 3613 5955 3943 6740 3737 1690 1774 9874 5902 7057 8195 6631 2848 5984 8021 6388 8136 4307 2943 7670 8783 2652 2072 2750 9190 8794 5202 6625 5116 1038 3734 5081 6992 4028 1820 728 2070 9946 601 7971 7002 8795 953 6201 1130 8973 8940 9265 3279 8234 3286 8413 886 5358 7515 75 4151 2716 6699 5619 3753 6784 699 744 7164 8870 7823 5585 8815 4775 3555 2168 9922 4507 8368 1051 9831 3659 6668 9461 1893 9953 4225 2778 1662 1739 9204 5813 4455 2255 7783 8207 5390 4833 5303 2553 3702 3125 8137 8869 7900 8043 1036 7821 8901 5756 5223 5083 9414 8242 895 1306 8195 5120 435 9856 3210 5991 2020 7664 4597 9802 2223 9986 986 3877 8891 4688 3353 3379 3556 1252 7774 943 5424 6674 6698 6999 8109 2464 5240 9003 121 9786 474 556 5994 3684 2898 4365 7699 7494 519 6273 7479 1504 6501 2721 6191 9854 6100 6098 7457 3873 7041 2881 6898 90 6231 5006 8905 1470 361 9026 7608 7186 9581 3601 7221 2478 7965 1272 9971 8483 7544 3801 9987 4045 6522 2529 250 8973 8627 7706 2845 2019 586 9742 8460 3168 1100 7365 4638 7812 6390 8597 4997 2322 2197 2218 1151 6513 3489 7473 1348 7384 1273 7686 7780 4146 214 8029 3118 5192 5735 2314 3562 2672 2056 2022 5840 9507 5738 6829 7318 2127 5425 8666 800 3973 883 1950 6837 723 9422 8184 4459 694 5869 2238 1192 6083 267 661 7626 2353 2975 1188 5024 1382 9561 7215 888 5298 4043 4557 3776 9467 3222 4575 9791 457 6524 6628 7531 2297 1163 1989 9342 7032 4227 533 9466 845 1194 7091 3197 4168 4630 4572 1901 4190 1787 2788 5839 2181 3696 5966 8000 3269 540 7790 3725 3415 769 1256 5711 1932 9596 5053 5315 3822 1937 4780 1018 9482 8222 566 1 9204 1490 1901 9745 3276 4688 5584 5456 4735 1549 3455 8004 8441 7597 1728 8207 8365 9335 270 6648 5283 1674 1962 5456 3610 6741 6474 3092 1315 3391 9444 518 4880 1345 262 4507 2384 2197 9963 7119 98 9769 5122 8538 3717 3201 3096 8434 8888 3365 5081 4170 5038 7043 9625 8648 135 2450 8091 1449 5841 7534 8318 720 5230 4932 1579 7614 7128 1541 4732 7225 7661 6205 2114 7730 9405 1562 6163 4644 4926 1243 5165 9964 8285 4790 4963 8420 3591 9405 6220 9431 3290 4538 6503 8520 9469 8081 2485 2948 5973 7216 6525 9985 9772 4990 7714 5528 6551 3876 172 1477 1471 5336 7792 9755 6477 2754 4526 68 8510 7098 5850 1799 1635 8704 6670 7455 3136 9154 402 5460 2721 3278 5445 2492 8268 9510 8020 4818 9738 8191 2646 1208 9878 437 962 6355 3190 1840 2774 8051 8937 8623 9850 6923 3679 6519 729 6814 2025 7482 2274 4745 760 4070 7237 9027 3579 1608 196 3316 9798 2842 4523 9675 3278 1837 2381 2820 28 5154 870 8964 129 7071 2238 3807 3590 2966 6972 1966 447 5597 6710 7558 9666 298 6584 9597 1905 3132 9264 8054 5973 139 7729 5602 1975 6461 8421 8354 7967 5643 7317 8095 2713 5906 8253 2654 8871 5224 4619 5669 821 1329 3227 6838 7978 6162 6434 
0 1
0 6
0 7
0 8
0 10
0 12
0 14
0 15
0 18
0 22
0 35
0 38
0 55
0 71
0 96
0 134
0 162
0 172
0 214
0 335
0 393
0 480
1 2
1 10
1 12
1 13
1 14
1 15
1 17
1 18
1 19
1 22
1 23
1 30
1 57
1 76
1 205
1 219
1 264
1 265
1 279
1 329
1 357
1 370
1 407
1 462
1 502
2 3
2 9
2 10
2 13
2 17
2 19
2 21
2 30
2 36
2 38
2 39
2 41
2 68
2 81
2 95
2 111
2 152
2 160
2 205
2 237
2 407
3 4
3 5
3 12
3 15
3 16
3 17
3 20
3 30
3 31
3 47
3 51
3 53
3 140
3 177
3 180
3 191
3 204
3 272
3 312
3 413
3 424
3 444
3 501
3 678
4 7
4 8
4 11
4 17
4 36
4 38
4 44
4 51
4 71
4 93
4 100
4 157
4 158
4 246
4 247
4 258
4 259
4 279
4 315
4 627
5 8
5 10
5 12
5 14
5 18
5 19
5 21
5 22
5 26
5 33
5 45
5 58
5 177
5 181
5 208
5 377
5 435
5 488
6 8
6 10
6 12
6 16
6 17
6 20
6 26
6 52
6 53
6 55
6 70
6 83
6 89
6 112
6 123
6 125
6 126
6 164
6 255
6 260
6 294
6 303
6 426
6 509
6 610
7 8
7 10
7 16
7 20
7 21
7 24
7 29
7 30
7 31
7 36
7 37
7 45
7 47
7 55
7 61
7 87
7 105
7 188
7 191
7 219
7 385
7 392
8 11
8 29
8 30
8 34
8 54
8 85
8 117
8 173
8 187
8 198
8 206
8 229
8 394
8 414
8 419
8 579
8 641
9 10
9 11
9 12
9 16
9 17
9 19
9 21
9 27
9 28
9 29
9 30
9 31
9 38
9 74
9 102
9 122
9 142
9 161
9 162
9 171
9 250
9 368
9 391
9 446
9 517
10 12
10 13
10 14
10 15
10 16
10 19
10 20
10 26
10 34
10 38
10 119
10 122
10 191
10 214
10 258
10 369
10 468
10 496
10 502
10 513
10 663
11 12
11 15
11 16
11 19
11 20
11 26
11 34
11 38
11 39
11 60
11 61
11 65
11 66
11 68
11 71
11 92
11 96
11 107
11 114
11 381
11 414
12 15
12 23
12 25
12 26
12 28
12 31
12 46
12 70
12 85
12 297
12 307
12 362
12 442
12 446
12 497
12 512
13 14
13 15
13 16
13 20
13 21
13 23
13 24
13 35
13 43
13 51
13 59
13 72
13 123
13 208
13 319
13 371
13 680
13 699
14 15
14 21
14 44
14 65
14 72
14 81
14 122
14 131
14 147
14 266
14 454
15 17
15 24
15 26
15 28
15 38
15 39
15 44
15 47
15 49
15 66
15 88
15 96
15 141
15 142
15 175
15 205
15 216
15 503
15 686
16 19
16 21
16 26
16 28
16 31
16 38
16 41
16 57
16 63
16 64
16 65
16 72
16 75
16 87
16 178
16 262
16 265
16 297
16 357
16 583
16 650
16 656
17 19
17 21
17 22
17 28
17 29
17 30
17 37
17 39
17 51
17 59
17 63
17 65
17 70
17 75
17 77
17 84
17 95
17 99
17 100
17 112
17 141
17 152
17 158
17 166
17 184
17 198
17 251
18 23
18 29
18 40
18 57
18 60
18 66
18 69
18 72
18 74
18 89
18 92
18 147
18 437
18 452
18 529
19 20
19 21
19 23
19 26
19 29
19 35
19 36
19 65
19 66
19 75
19 104
19 117
19 126
19 167
19 184
19 295
19 428
19 681
20 22
20 36
20 48
20 49
20 69
20 83
20 135
20 158
20 165
20 232
20 366
20 441
20 455
20 535
21 38
21 48
21 50
21 69
21 83
21 86
21 87
21 95
21 101
21 104
21 116
21 119
21 125
21 134
21 135
21 141
21 154
21 181
21 220
21 377
21 424
21 427
21 431
21 456
21 664
22 31
22 32
22 36
22 42
22 56
22 58
22 86
22 88
22 119
22 141
22 211
22 223
22 245
22 248
22 279
22 383
22 523
22 656
23 34
23 43
23 44
23 71
23 101
23 115
23 122
23 163
23 191
23 205
23 500
24 34
24 44
24 45
24 68
24 70
24 78
24 84
24 89
24 137
24 149
24 152
24 168
24 174
24 202
24 240
24 250
24 283
24 309
24 547
25 34
25 53
25 65
25 78
25 80
25 88
25 103
25 222
25 250
25 289
25 295
25 395
25 593
26 35
26 65
26 74
26 195
26 198
26 205
26 294
26 364
26 424
26 510
27 30
27 35
27 43
27 45
27 63
27 136
27 168
27 275
27 694
28 29
28 30
28 45
28 46
28 48
28 75
28 86
28 147
28 236
28 351
28 688
29 34
29 45
29 48
29 75
29 92
29 144
29 202
29 276
29 341
29 422
29 424
29 443
29 445
29 559
29 563
29 611
30 39
30 45
30 48
30 64
30 151
30 178
30 184
30 276
30 303
30 450
30 523
31 32
31 34
31 55
31 79
31 85
31 86
31 87
31 100
31 112
31 134
31 160
31 169
31 262
31 299
31 315
31 668
31 679
31 689
32 34
32 37
32 47
32 57
32 63
32 71
32 91
32 107
32 125
32 156
32 160
32 166
32 268
32 281
32 329
32 343
32 361
32 379
33 37
33 39
33 43
33 71
33 93
33 101
33 114
33 158
33 188
33 207
33 239
33 374
33 679
34 43
34 58
34 87
34 99
34 113
34 131
34 168
34 186
34 213
34 233
34 297
34 355
35 42
35 71
35 72
35 81
35 89
35 121
35 144
35 186
35 212
35 265
35 268
35 448
35 534
35 577
35 587
35 682
36 53
36 57
36 86
36 122
36 146
36 165
36 180
36 207
36 214
36 240
36 249
36 254
36 259
36 279
36 398
36 409
36 534
36 606
37 46
37 57
37 64
37 73
37 84
37 95
37 104
37 202
37 221
37 241
37 354
38 39
38 46
38 49
38 51
38 58
38 68
38 145
38 227
38 279
38 328
38 354
38 404
38 516
39 43
39 51
39 63
39 72
39 109
39 135
39 183
39 202
40 49
40 51
40 58
40 65
40 66
40 72
40 87
40 105
40 122
40 157
40 183
40 235
40 327
40 329
40 334
40 588
40 630
41 51
41 56
41 61
41 70
41 82
41 132
41 327
41 417
41 444
41 489
42 50
42 55
42 58
42 60
42 75
42 108
42 116
42 117
42 157
42 175
42 183
42 195
42 241
42 247
42 344
42 346
42 408
42 444
42 462
42 507
43 51
43 61
43 97
43 126
43 144
43 158
43 174
43 207
43 212
43 397
43 676
43 699
44 72
44 82
44 174
44 197
44 230
44 241
44 250
44 259
44 319
44 365
44 581
45 58
45 63
45 65
45 92
45 144
45 216
45 288
45 310
45 453
45 624
46 60
46 70
46 92
46 171
46 257
46 279
46 291
46 380
47 63
47 80
47 131
47 212
47 235
47 257
47 336
47 345
47 510
47 513
47 570
47 639
48 63
48 80
48 100
48 117
48 124
48 136
48 152
48 228
48 310
48 314
48 421
48 684
49 82
49 97
49 191
49 221
49 245
49 288
49 326
49 355
49 368
49 420
49 470
49 679
49 699
50 56
50 59
50 74
50 78
50 91
50 184
50 255
50 264
50 288
50 304
50 367
50 554
50 581
50 596
50 645
51 53
51 57
51 59
51 74
51 82
51 111
51 121
51 132
51 193
51 202
51 254
51 372
51 431
51 456
51 490
52 53
52 81
52 92
52 94
52 101
52 123
52 142
52 147
52 151
52 167
52 200
52 232
52 245
52 253
52 257
53 63
53 75
53 90
53 97
53 119
53 120
53 147
53 180
53 275
53 320
53 362
53 394
53 472
53 526
53 652
54 55
54 61
54 66
54 77
54 96
54 97
54 149
54 168
54 171
54 223
54 232
54 263
54 304
54 411
54 444
54 534
55 59
55 70
55 103
55 126
55 142
55 301
55 308
55 374
55 455
55 524
56 58
56 59
56 74
56 132
56 191
56 250
56 326
56 364
56 444
56 535
56 569
57 83
57 89
57 262
57 265
57 328
57 360
57 460
57 560
57 597
58 59
58 71
58 112
58 123
58 171
58 314
58 333
58 424
58 510
59 62
59 67
59 78
59 82
59 92
59 107
59 114
59 117
59 121
59 245
59 386
59 443
60 87
60 197
60 227
60 325
60 367
60 477
61 80
61 115
61 171
61 180
61 285
61 482
61 502
61 510
61 632
61 675
62 72
62 76
62 82
62 104
62 105
62 112
62 125
62 128
62 132
62 149
62 205
62 213
62 251
62 287
62 325
62 338
62 351
62 581
62 671
63 83
63 86
63 103
63 104
63 159
63 227
63 332
63 350
63 421
63 641
63 695
64 102
64 104
64 200
64 235
64 272
64 281
64 325
64 541
64 552
64 635
65 69
65 76
65 86
65 96
65 103
65 104
65 150
65 166
65 179
65 270
65 347
65 525
66 76
66 84
66 86
66 97
66 115
66 208
66 291
66 296
66 354
66 371
66 505
67 71
67 76
67 84
67 167
67 201
67 206
67 235
67 247
67 266
67 385
67 470
68 82
68 88
68 138
68 152
68 245
68 248
68 364
68 673
69 84
69 85
69 87
69 107
69 124
69 132
69 169
69 174
69 216
69 240
69 259
69 461
69 583
69 691
70 84
70 98
70 111
70 147
70 202
70 233
70 268
70 340
70 427
70 491
70 552
71 128
71 188
71 193
71 220
71 354
71 590
71 592
72 123
72 177
72 211
72 235
72 240
72 245
72 339
72 394
72 399
72 414
72 422
72 597
73 75
73 78
73 90
73 342
73 482
74 85
74 96
74 132
74 135
74 157
74 263
74 291
74 398
74 480
74 495
74 591
74 631
74 664
75 78
75 80
75 97
75 101
75 103
75 136
75 179
75 185
75 328
75 357
75 381
75 420
75 616
75 662
76 121
76 168
76 225
76 240
76 294
76 297
76 520
76 576
76 637
77 81
77 89
77 92
77 134
77 149
77 179
77 198
77 240
77 267
77 303
77 305
77 392
77 610
77 619
78 89
78 96
78 99
78 107
78 208
78 252
79 103
79 123
79 144
79 151
79 211
79 219
79 291
79 334
79 423
79 447
79 545
79 652
79 690
80 123
80 137
80 141
80 181
80 218
80 224
80 315
80 338
80 424
80 450
80 479
80 648
81 91
81 101
81 112
81 117
81 141
81 160
81 180
81 188
81 193
81 288
81 580
81 667
81 679
82 112
82 167
82 224
82 305
82 308
82 551
82 643
83 106
83 127
83 175
83 242
83 295
83 482
83 634
84 103
84 529
84 540
84 684
85 87
85 90
85 101
85 106
85 114
85 128
85 153
85 175
85 197
85 213
85 218
85 228
85 252
85 256
85 263
85 416
86 90
86 117
86 140
86 156
86 177
86 228
86 240
86 385
86 428
86 643
87 95
87 121
87 151
87 171
87 188
87 212
87 213
87 288
87 308
87 347
87 349
87 420
87 423
87 505
87 607
88 90
88 104
88 125
88 155
88 320
88 397
88 681
89 227
90 180
90 310
90 313
90 476
90 511
90 569
90 623
90 652
91 92
91 132
91 146
91 160
91 263
91 301
91 308
91 367
91 370
91 585
92 119
92 123
92 142
92 148
92 197
92 211
92 253
92 301
92 319
92 355
92 641
92 684
93 100
93 111
93 123
93 420
93 490
94 136
94 235
94 275
94 337
94 452
94 491
94 602
95 119
95 158
95 167
95 209
95 219
95 241
95 314
96 110
96 197
96 218
96 403
96 422
96 516
96 563
96 673
97 105
97 120
97 151
97 232
97 260
97 287
97 326
97 330
97 377
97 653
98 113
98 134
98 142
98 168
98 172
98 231
98 233
98 382
98 541
98 620
98 649
99 135
99 172
99 180
99 195
99 239
99 538
99 609
99 691
100 103
100 118
100 222
100 236
100 239
100 338
100 361
100 372
100 385
100 395
100 468
100 619
100 674
100 681
101 103
101 105
101 106
101 129
101 132
101 147
101 218
101 274
101 276
101 338
101 354
101 392
101 541
102 131
102 132
102 246
102 273
102 377
102 415
102 432
102 471
102 474
102 606
102 607
103 124
103 149
103 162
103 175
103 460
103 533
104 208
104 275
104 407
104 553
105 153
105 184
105 242
105 303
105 453
105 471
105 486
106 149
106 160
106 209
106 246
106 264
106 326
106 362
106 365
106 374
106 567
106 619
106 622
106 650
107 128
107 152
107 198
107 223
107 303
107 306
107 367
108 112
108 181
108 183
108 193
108 197
108 215
108 242
108 246
108 287
108 308
108 565
108 581
109 122
109 131
109 170
109 183
109 211
109 226
109 269
109 283
109 448
109 596
109 698
110 112
110 119
110 214
110 220
110 340
110 359
110 664
111 113
111 181
111 208
111 218
111 605
112 117
112 239
112 248
112 257
112 379
112 482
112 506
112 573
112 695
113 136
113 137
113 171
113 180
113 238
113 379
113 401
113 535
113 591
113 621
113 677
114 139
114 170
114 249
114 319
114 325
114 333
114 510
114 519
114 585
114 607
115 125
115 177
115 190
115 207
115 230
115 531
115 664
116 166
116 167
116 432
116 503
116 617
116 670
117 150
117 226
117 229
117 291
117 469
117 578
117 670
118 191
118 217
118 282
118 308
118 332
118 366
118 395
118 509
118 553
118 674
119 137
119 183
119 214
119 234
119 365
119 367
119 592
119 615
120 176
120 178
120 182
120 196
120 267
120 270
120 418
120 507
121 196
121 212
121 223
121 287
121 387
121 419
122 131
122 144
122 169
122 184
122 196
122 220
122 335
122 444
122 548
122 578
123 130
123 150
123 174
123 220
123 255
123 258
123 271
123 466
123 646
123 682
124 183
124 201
124 239
124 256
124 289
124 348
124 427
124 461
124 546
125 174
125 201
125 308
125 319
125 398
125 627
126 142
126 208
126 216
126 389
126 482
126 528
127 167
127 329
127 350
127 377
127 409
127 544
127 644
128 165
128 243
128 328
128 431
128 517
128 698
129 131
129 134
129 225
129 246
129 261
130 196
130 239
130 258
130 300
130 306
130 605
130 691
131 163
131 188
131 247
131 387
131 503
131 599
132 133
132 135
132 165
132 276
132 294
132 301
132 345
132 350
132 357
132 451
132 484
132 644
133 229
133 267
133 317
133 328
133 354
133 367
133 484
133 493
133 519
133 634
133 645
134 184
134 218
134 260
134 288
134 408
134 486
134 581
135 212
135 291
135 404
135 419
135 420
135 498
135 574
136 142
136 193
136 226
136 417
136 449
136 490
136 562
136 587
137 149
137 158
137 223
137 295
137 348
137 386
137 579
137 616
137 635
137 699
138 143
138 149
138 210
138 233
138 271
138 296
138 360
138 458
138 469
138 596
138 606
138 655
139 153
139 171
139 326
139 336
139 388
140 174
140 185
140 197
140 220
140 233
140 359
140 440
140 498
140 580
140 593
141 142
141 263
141 446
141 508
141 686
142 147
142 170
142 183
142 360
142 361
142 396
142 619
143 175
143 295
143 351
143 387
143 413
143 459
143 525
143 639
144 214
144 227
144 262
144 303
144 346
144 429
144 519
144 610
145 175
145 193
145 228
145 270
145 310
145 329
145 332
146 189
146 246
146 306
146 331
146 541
147 177
147 215
147 219
147 236
147 264
148 163
148 188
148 216
148 383
148 404
148 416
148 486
148 515
149 165
149 219
149 315
149 350
149 355
149 458
149 562
150 156
150 168
151 158
151 163
151 208
151 456
151 469
151 476
151 576
152 170
152 190
152 227
152 254
152 258
152 329
152 461
152 544
153 314
153 330
153 351
153 642
154 178
154 192
154 264
154 362
154 466
154 559
155 310
155 513
155 576
156 158
156 179
156 185
156 193
156 198
156 326
156 362
156 370
156 699
157 252
157 256
157 277
157 284
157 375
157 405
157 409
158 174
158 181
158 232
158 252
158 295
158 305
158 426
158 641
159 271
159 290
159 334
159 350
159 445
159 452
159 520
159 640
160 247
160 259
160 268
160 348
160 349
160 585
161 260
161 327
161 398
161 486
162 199
162 220
162 248
162 255
162 315
162 339
162 368
162 459
163 170
163 199
163 216
163 253
163 267
163 281
163 296
163 366
163 383
163 437
163 630
164 192
164 211
164 226
164 330
165 175
165 196
165 204
165 219
165 330
165 361
166 181
166 218
166 249
166 317
166 462
167 207
167 293
167 320
167 575
167 582
168 177
168 242
168 255
168 256
168 267
168 276
168 364
168 423
169 212
169 241
169 315
169 387
169 540
170 179
170 218
170 296
170 336
170 348
170 387
170 556
170 634
171 246
171 336
171 423
171 585
172 211
172 249
172 290
172 316
173 174
173 275
173 332
173 358
173 466
173 649
174 263
174 265
174 299
174 332
174 350
174 466
174 526
174 633
175 177
175 184
175 198
175 202
175 272
175 282
175 327
175 390
175 535
175 544
175 688
176 177
176 203
176 207
176 296
176 552
177 199
177 219
177 239
177 435
177 437
177 489
177 648
178 230
178 271
178 305
178 329
178 361
179 357
179 364
179 610
180 181
180 192
180 211
180 229
180 350
180 362
180 401
180 490
180 682
181 207
181 213
181 236
181 327
181 482
181 506
181 541
181 642
182 335
182 474
183 191
183 204
183 239
183 265
183 407
183 419
183 446
183 485
184 230
184 236
184 274
184 283
184 288
184 310
184 359
184 403
184 544
184 681
185 205
185 214
185 311
185 368
185 508
185 524
185 538
185 539
186 344
186 349
186 505
186 684
187 188
187 286
187 369
187 454
187 592
188 327
188 441
188 446
188 473
188 475
189 195
189 198
189 232
189 246
189 346
189 441
190 194
190 197
190 235
190 320
190 404
190 483
190 504
190 593
191 199
191 214
191 270
191 305
191 314
191 343
191 509
191 562
191 662
191 693
192 360
192 619
193 230
193 264
193 308
193 348
193 466
193 482
193 553
193 561
193 587
194 282
194 386
194 471
195 205
195 245
195 275
195 292
195 330
195 518
195 621
196 202
196 256
196 549
196 593
196 669
197 256
197 265
197 269
197 291
197 336
197 413
197 424
197 471
197 553
197 658
198 241
198 251
198 258
198 271
198 340
198 426
198 602
198 673
198 674
199 220
199 338
199 462
199 502
200 214
200 240
200 249
200 447
200 471
200 689
201 227
201 258
201 265
201 305
201 349
201 402
201 456
201 516
202 228
202 236
202 343
202 431
202 510
202 617
202 630
203 216
203 283
203 462
203 516
203 524
204 209
204 216
204 227
204 270
204 297
204 313
204 362
204 413
204 632
205 211
205 220
205 227
205 297
205 567
206 249
206 287
206 371
207 225
207 270
207 294
207 305
207 347
207 560
207 645
208 270
208 379
208 419
208 437
208 448
208 499
208 555
208 569
209 233
209 241
209 659
210 249
210 369
210 398
210 431
210 471
210 567
210 599
210 630
211 261
211 285
211 348
211 357
211 422
212 236
212 296
212 344
212 432
212 454
212 559
212 584
213 225
213 247
213 279
213 288
213 301
213 609
213 685
214 241
214 384
214 423
214 433
214 642
214 667
215 235
215 247
215 275
215 295
215 405
215 478
215 549
216 251
216 552
217 225
217 233
217 273
217 288
217 302
217 501
217 508
217 561
218 240
218 325
218 623
218 630
219 236
219 244
219 297
219 418
220 226
220 232
220 239
220 247
220 480
220 641
221 242
221 338
221 539
222 426
223 245
223 263
223 348
223 403
223 511
224 314
224 421
224 528
225 343
225 438
226 315
226 322
226 395
226 439
226 473
226 607
227 233
227 365
227 413
227 473
228 236
228 271
228 391
228 535
228 556
228 669
229 316
229 408
229 659
229 682
230 287
230 321
230 349
230 443
230 469
231 247
231 253
231 269
231 339
231 400
231 421
232 259
232 330
232 349
232 403
232 430
232 431
232 455
232 469
232 549
233 448
233 589
233 611
234 255
234 303
234 457
234 461
235 246
235 251
235 259
235 270
235 338
235 386
235 476
235 624
235 690
236 255
236 272
236 306
236 517
236 579
237 245
237 250
237 271
237 397
237 448
238 251
238 258
238 270
238 361
238 410
238 441
239 399
239 485
240 242
240 437
240 542
240 577
240 663
241 303
241 348
241 443
241 547
242 315
242 461
242 501
243 257
243 281
243 313
243 498
244 278
244 346
244 444
244 597
245 251
245 325
245 409
245 471
245 572
246 258
246 269
246 274
246 290
246 327
246 335
246 380
246 421
246 528
246 687
247 327
247 427
247 591
247 634
248 279
248 336
248 355
248 374
248 413
248 452
249 327
249 667
250 295
250 326
250 397
250 408
250 674
251 314
251 427
251 465
251 539
251 671
251 690
252 298
252 364
252 375
252 393
252 403
252 609
252 683
253 297
253 395
253 583
254 266
254 294
254 324
254 379
254 569
255 410
255 568
255 577
256 266
256 316
256 326
256 360
256 398
257 361
257 387
257 393
258 272
258 371
258 385
258 495
258 557
259 268
259 276
259 306
259 307
259 391
259 568
259 627
260 398
260 424
260 502
260 678
260 684
261 294
261 299
261 437
261 487
261 517
262 295
262 333
262 335
262 588
262 643
263 265
263 358
263 405
263 515
263 550
263 582
264 328
264 462
264 555
264 638
264 656
265 329
265 556
265 593
265 659
266 287
266 383
266 510
266 640
267 369
267 534
267 690
268 472
268 502
268 693
269 280
269 297
269 379
269 548
270 395
270 483
271 398
271 532
271 583
272 407
272 559
273 383
273 386
273 524
273 685
274 307
274 513
275 291
275 325
275 333
275 460
275 650
276 338
276 434
276 569
276 591
277 352
277 387
277 394
277 413
277 539
277 601
277 659
278 301
278 310
278 353
278 383
278 387
278 392
278 450
278 582
279 291
279 364
280 361
280 374
280 419
280 654
281 368
281 393
281 416
281 503
281 517
281 533
281 698
282 437
282 502
282 520
282 606
282 635
283 326
283 542
284 372
284 375
284 489
285 379
285 456
286 312
288 303
288 602
289 329
289 397
289 526
289 623
290 304
290 332
290 351
290 444
290 598
290 666
291 314
291 443
291 537
292 328
292 425
292 640
292 691
293 332
293 378
293 386
293 435
293 443
293 643
294 361
294 371
294 456
294 562
294 587
294 651
295 345
295 495
295 501
295 516
295 534
295 608
295 624
295 670
295 683
296 407
296 659
297 439
297 688
297 695
298 351
298 447
298 552
298 609
298 620
298 628
298 692
298 699
299 502
300 307
300 318
300 364
300 453
300 539
301 338
301 367
301 515
301 550
301 599
302 340
302 548
302 581
302 598
303 323
303 679
304 364
305 411
305 414
305 476
305 480
305 503
305 551
305 593
306 543
306 598
308 473
308 610
308 643
309 310
309 410
309 504
310 322
310 404
310 414
310 472
310 504
312 379
312 590
313 367
313 370
313 638
314 320
314 328
315 375
315 460
315 481
315 519
316 411
316 580
316 594
316 627
317 439
317 465
317 652
318 348
318 365
318 459
319 356
319 549
319 628
320 346
320 367
321 368
321 506
321 659
321 668
322 359
322 403
322 549
322 617
323 385
323 629
324 408
324 476
324 587
325 336
325 466
325 586
325 635
325 686
326 347
326 451
326 612
327 373
327 466
327 569
328 368
328 394
328 423
328 510
328 550
328 669
329 347
329 365
329 444
329 482
330 427
330 517
331 399
331 412
331 568
331 577
331 628
332 427
332 528
333 480
333 501
333 531
333 558
333 587
334 375
334 603
335 349
336 362
336 363
336 519
336 589
336 602
337 347
337 398
337 427
337 442
337 469
338 484
338 516
338 645
339 395
339 422
339 445
339 452
339 650
340 404
340 466
340 503
340 641
340 657
341 354
342 475
342 502
342 535
343 505
344 354
344 423
344 493
345 347
345 362
345 380
345 396
345 403
346 670
346 688
347 375
347 389
347 506
347 526
347 606
348 394
348 413
348 524
348 530
349 530
349 696
350 396
350 400
350 475
350 493
351 385
351 459
351 501
351 524
351 685
352 437
352 443
352 471
352 480
352 566
352 609
353 414
354 403
355 466
355 555
355 625
356 441
356 592
358 443
358 559
359 562
360 490
360 598
361 372
361 421
361 448
361 511
361 532
361 556
361 629
361 680
361 690
362 406
362 415
362 548
362 625
363 371
363 519
363 544
363 666
364 481
364 612
364 677
365 436
365 647
366 395
367 376
367 407
367 409
367 571
367 582
367 698
368 385
368 408
368 443
368 461
369 379
369 393
369 571
369 585
369 617
370 411
370 608
370 623
370 686
371 452
371 496
372 403
373 386
373 400
373 691
374 631
374 664
376 445
376 581
376 639
377 383
377 430
377 460
377 495
377 496
377 513
377 565
377 630
378 548
379 602
379 605
379 642
380 401
380 473
381 393
381 429
382 460
383 414
383 418
383 540
384 460
384 496
384 507
384 523
384 576
384 577
384 644
384 648
385 392
385 597
386 634
387 461
387 464
387 495
387 593
387 664
388 430
388 613
389 413
389 586
390 480
391 621
391 696
392 437
392 494
392 551
392 648
392 666
393 490
393 523
393 652
393 675
394 404
394 439
394 481
394 485
395 426
395 467
395 538
395 596
396 599
397 539
397 628
397 691
398 453
398 456
399 524
399 536
400 447
400 697
401 419
401 553
403 453
403 520
404 445
404 559
404 680
405 420
405 463
405 598
405 640
405 643
405 674
406 426
406 570
406 592
407 429
408 414
408 511
408 610
409 423
409 509
409 662
411 468
411 482
411 589
412 468
412 530
412 547
412 549
412 576
412 614
413 695
414 468
414 511
414 585
414 630
415 617
416 538
416 661
416 667
417 454
417 548
418 475
418 506
418 539
418 641
418 668
419 473
419 552
420 432
420 473
420 480
422 565
422 625
423 498
423 561
423 644
424 598
424 640
425 606
425 659
426 492
426 619
426 651
427 429
427 511
427 583
427 605
427 632
427 671
428 454
428 549
428 643
428 650
429 670
429 698
430 459
430 559
432 693
433 627
433 642
434 543
435 551
435 583
436 460
436 470
436 473
436 607
437 473
437 516
437 626
438 542
438 566
438 597
439 528
439 622
439 678
440 536
440 541
440 607
441 474
441 609
443 685
444 510
444 542
444 600
444 621
446 587
447 498
447 652
448 461
448 517
449 456
449 505
449 583
449 661
449 691
450 462
450 474
450 674
451 541
451 552
452 498
453 525
454 519
454 525
454 560
454 634
454 669
455 576
455 586
456 485
456 501
456 631
457 494
457 517
457 522
458 589
459 605
461 561
462 514
462 548
462 551
462 567
463 479
463 550
463 630
464 541
464 683
465 599
466 661
466 666
467 571
468 474
468 614
468 642
469 543
469 610
469 625
469 634
469 667
470 516
472 508
472 535
472 591
472 666
473 651
473 652
473 680
474 485
474 507
476 571
477 503
477 523
477 561
477 612
478 503
479 516
479 579
479 682
482 624
484 498
484 520
485 527
485 568
485 700
486 498
486 634
489 515
489 519
489 589
490 509
491 621
491 640
492 599
492 621
492 636
493 519
493 521
493 540
495 628
496 498
497 567
498 534
498 648
498 698
499 532
499 537
499 549
500 591
500 651
500 665
500 680
501 544
501 571
502 545
502 578
504 586
504 605
505 651
509 675
510 639
510 681
510 695
512 588
512 635
513 609
514 622
515 614
515 688
516 617
518 534
518 652
519 539
521 529
521 555
521 580
521 646
522 549
522 587
522 652
523 534
523 672
523 690
525 614
525 699
526 611
526 648
527 680
528 544
528 559
528 654
528 660
528 684
529 650
532 673
535 576
536 544
536 564
536 611
537 640
538 666
539 625
540 554
540 598
541 684
542 548
542 600
544 563
544 631
545 612
546 680
546 698
547 690
548 689
549 565
549 618
550 567
553 603
553 673
553 686
554 571
554 585
554 628
554 639
557 590
558 593
558 600
558 606
558 680
559 606
559 671
559 673
560 666
561 585
562 654
563 646
564 651
565 581
565 619
566 628
566 669
567 681
568 604
569 581
569 582
569 682
570 623
572 668
573 646
573 669
576 649
577 610
578 624
578 629
578 688
581 659
583 674
583 693
586 599
586 666
587 698
589 595
589 619
589 693
593 596
593 661
594 596
594 645
595 635
595 671
595 679
596 616
597 695
599 647
600 671
603 650
605 667
608 638
609 642
611 661
611 699
616 621
616 640
616 643
626 670
627 678
628 632
628 673
632 648
634 695
638 659
638 698
648 671
648 690
651 679
656 678
659 679
661 668
661 699
663 675
667 670
668 690
677 695